%%%%%%%%%%%%%%%%%%%%%%%%%%%%%%%%%%%%%%%%%%%%%%%%%%%%%%%%%%%%%%%%#%%%%%%%%%%%%%%%
%,,,,,,,,,%,,^%^^,,,%,,,,,,,,,,,,,,,,,,,,,,^,%%,,,,,,,,,,,,,,,,,#,,,,,,,,,,,,,,%
%,,,,,,,,,,,,,,,^%^%%%,,,,,,,,,,,,,,,,,^,^%,,,,,,,,,,,,,,,,,,,,,#,,,,,,,,,,,,,,%
%,,,,,,,,,,,%,,^,,,%,,,,,,,,,,,,,,,,,,,,%,^%%%,,,,,,,,,,,,,,,,,,#,,,,,,,,,,,,,##
###,,,,,,,,,,^%,,,,%,^,%,,,,,,,,, ,  ,,^%%,%%^%,,,,,,,,,,,,,,,,,#,,,,,,,,,,,,,#%
%,#,,,,,,,,,,,,%,%%^%%%,,,,,,,,,,,    %,,^%,^^%^,,,,,,,,, ,,,,,,#,,,,,,,,,,,,,#%
%,#,,,,,,,,,,,,,,,,^^^,,,,,,,,,, ,     ^%^ % ^%%     ,   , ,  , # ,, ,,,,,,,,##%
%,#,,,,,,,,,,,,^^,^%^,,,,,,,, ,,        %%                      #    ,  ,##### %
%,#,,,,,,,,,,,,,%^,,,,,,,,,,,              ^ %############################     %
%,#,,,,,,,,,,,,^^^,,%,,,,,,, ##################                                %
%,#,,,,,,,,,,,,,,,%%,,,,,,  ,#       #                                         %
%,#,,,,,,,,,,,,,,%,^,,,,,,####  ,    #                                         %
%,#,,,,,,,,,,,,,,,,%,,,,,,# ,  ,     #                                         %
%,#,,,,  ,, ,,,,,%^, ######,, ,      #                                         %
%,#############,    ,# ,, ,,,,, , ,  #                              %    ^     %
%             ########,  , ,,,,,,,,,,#,,,,                          ^^^  ^^^   %
%                     ,   ,,,,,,, ,,,#,,                              ^% %   ^ %
%                     ,   ,,,,,,,,,,,#,,                            ^  ^ %^%   %
%                   ,  ,,,,,,,, ,,, ,#,      , ,                   %%^%%,      %
%                        , ,,,,,,,, ,#,, ,,   ,                      ,% %^%^%  %
%%%%%%%%%%%%%%%%%%%%%%%%%%%%%%%%%%%%%#%%%%%%%%%%%%%%%%%%%%%%%%%%%%%%%%%%%%%%%%%%
100 100 100 100 100 100 100 100 100 100 100 100 100 100 100 100 100 100 100 100 100 100 100 100 100 100 100 100 100 100 100 100 100 100 100 100 100 100 100 100 100 100 100 100 100 100 100 100 100 100 100 100 100 100 100 100 100 100 100 100 100 100 100 100   3 100 100 100 100 100 100 100 100 100 100 100 100 100 100 100 
100  20  20  20  20  20  20  20  20  20 100  20  20  75 100  75  75  20  20  20 100  20  20  20  20  20  20  20  20  20  20  20  20  20  20  20  20  20  20  20  20  20  20  75  20 100 100  20  20  20  20  20  20  20  20  20  20  20  20  20  20  20  20  20   3  20  20  20  20  20  20  20  20  20  20  20  20  20  20 100 
100  20  20  20  20  20  20  20  20  20  20  20  20  20  20  20  75 100  75 100 100 100  20  20  20  20  20  20  20  20  20  20  20  20  20  20  20  20  20  75  20  75 100  20  20  20  20  20  20  20  20  20  20  20  20  20  20  20  20  20  20  20  20  20   3  20  20  20  20  20  20  20  20  20  20  20  20  20  20 100 
100  20  20  20  20  20  20  20  20  20  20  20 100  20  20  75  20  20  20 100  20  20  20  20  20  20  20  20  20  20  20  20  20  20  20  20  20  20  20  20 100  20  75 100 100 100  20  20  20  20  20  20  20  20  20  20  20  20  20  20  20  20  20  20   3  20  20  20  20  20  20  20  20  20  20  20  20  20   3   3 
  3   3   3  20  20  20  20  20  20  20  20  20  20  75 100  20  20  20  20 100  20  75  20 100  20  20  20  20  20  20  20  20  20   9  20   9   9  20  20  75 100 100  20 100 100  75 100  20  20  20  20  20  20  20  20  20  20  20  20  20  20  20  20  20   3  20  20  20  20  20  20  20  20  20  20  20  20  20   3 100 
100  20   3  20  20  20  20  20  20  20  20  20  20  20  20 100  20 100 100  75 100 100 100  20  20  20  20  20  20  20  20  20  20  20   9   9   9   9 100  20  20  75 100  20  75  75 100  75  20  20  20  20  20  20  20  20  20   9  20  20  20  20  20  20   3  20  20  20  20  20  20  20  20  20  20  20  20  20   3 100 
100  20   3  20  20  20  20  20  20  20  20  20  20  20  20  20  20  20  20  75  75  75  20  20  20  20  20  20  20  20  20  20   9  20   9   9   9   9   9  75 100  75   9 100   9  75 100 100   9   9   9   9   9  20   9   9   9  20   9  20   9   9  20   9   3   9  20  20   9  20  20  20  20  20  20  20  20   3   3 100 
100  20   3  20  20  20  20  20  20  20  20  20  20  20  20  75  75  20  75 100  75  20  20  20  20  20  20  20  20   9  20  20   9   9   9   9   9   9   9   9 100 100   9   9   9   9   9   9   9   9   9   9   9   9   9   9   9   9   9   9   9   9   9   9   3   9   9   9   9  20   9   9  20   3   3   3   3   3   9 100 
100  20   3  20  20  20  20  20  20  20  20  20  20  20  20  20 100  75  20  20  20  20  20  20  20  20  20  20  20   9   9   9   9   9   9   9   9   9   9   9   9   9   9  75   9 100   3   3   3   3   3   3   3   3   3   3   3   3   3   3   3   3   3   3   3   3   3   3   3   3   3   3   3   3   9   9   9   9   9 100 
100  20   3  20  20  20  20  20  20  20  20  20  20  20  20  75  75  75  20  20 100  20  20  20  20  20  20  20   9   3   3   3   3   3   3   3   3   3   3   3   3   3   3   3   3   3   3   9   9   9   9   9   9   9   9   9   9   9   9   9   9   9   9   9   9   9   9   9   9   9   9   9   9   9   9   9   9   9   9 100 
100  20   3  20  20  20  20  20  20  20  20  20  20  20  20  20  20  20 100 100  20  20  20  20  20  20   9   9  20   3   9   9   9   9   9   9   9   3   9   9   9   9   9   9   9   9   9   9   9   9   9   9   9   9   9   9   9   9   9   9   9   9   9   9   9   9   9   9   9   9   9   9   9   9   9   9   9   9   9 100 
100  20   3  20  20  20  20  20  20  20  20  20  20  20  20  20  20 100  20  75  20  20  20  20  20  20   3   3   3   3   9   9  20   9   9   9   9   3   9   9   9   9   9   9   9   9   9   9   9   9   9   9   9   9   9   9   9   9   9   9   9   9   9   9   9   9   9   9   9   9   9   9   9   9   9   9   9   9   9 100 
100  20   3  20  20  20  20  20  20  20  20  20  20  20  20  20  20  20  20 100  20  20  20  20  20  20   3   9  20   9   9  20   9   9   9   9   9   3   9   9   9   9   9   9   9   9   9   9   9   9   9   9   9   9   9   9   9   9   9   9   9   9   9   9   9   9   9   9   9   9   9   9   9   9   9   9   9   9   9 100 
100  20   3  20  20  20  20   9   9  20  20   9  20  20  20  20  20 100  75  20   9   3   3   3   3   3   3  20  20   9  20   9   9   9   9   9   9   3   9   9   9   9   9   9   9   9   9   9   9   9   9   9   9   9   9   9   9   9   9   9   9   9   9   9   9   9   9   9   9   9   9   9   9   9   9   9   9   9   9 100 
100  20   3   3   3   3   3   3   3   3   3   3   3   3   3  20   9   9   9   9  20   3   9  20  20   9  20  20  20  20  20   9  20   9  20   9   9   3   9   9   9   9   9   9   9   9   9   9   9   9   9   9   9   9   9   9   9   9   9   9   9   9   9   9   9   9   9   9 100   9   9   9   9  75   9   9   9   9   9 100 
100   9   9   9   9   9   9   9   9   9   9   9   9   9   3   3   3   3   3   3   3   3  20   9   9  20   9  20  20  20  20  20  20  20  20  20  20   3  20  20  20  20   9   9   9   9   9   9   9   9   9   9   9   9   9   9   9   9   9   9   9   9   9   9   9   9   9   9  75  75  75   9   9  75  75  75   9   9   9 100 
100   9   9   9   9   9   9   9   9   9   9   9   9   9   9   9   9   9   9   9   9   9  20   9   9   9  20  20  20  20  20  20  20   9  20  20  20   3  20  20   9   9   9   9   9   9   9   9   9   9   9   9   9   9   9   9   9   9   9   9   9   9   9   9   9   9   9   9   9   9  75 100   9 100   9   9   9  75   9 100 
100   9   9   9   9   9   9   9   9   9   9   9   9   9   9   9   9   9   9   9   9   9  20   9   9   9  20  20  20  20  20  20  20  20  20  20  20   3  20  20   9   9   9   9   9   9   9   9   9   9   9   9   9   9   9   9   9   9   9   9   9   9   9   9   9   9   9   9  75   9   9  75   9 100  75 100   9   9   9 100 
100   9   9   9   9   9   9   9   9   9   9   9   9   9   9   9   9   9   9   9  20   9   9  20  20  20  20  20  20  20  20   9  20  20  20   9  20   3  20   9   9   9   9   9   9  20   9  20   9   9   9   9   9   9   9   9   9   9   9   9   9   9   9   9   9   9   9 100 100  75 100 100  20   9   9   9   9   9   9 100 
100   9   9   9   9   9   9   9   9   9   9   9   9   9   9   9   9   9   9   9   9   9   9   9   9  20   9  20  20  20  20  20  20  20  20   9  20   3  20  20   9  20  20   9   9   9  20   9   9   9   9   9   9   9   9   9   9   9   9   9   9   9   9   9   9   9   9   9   9  20 100   9 100  75 100  75 100   9   9 100 
100 100 100 100 100 100 100 100 100 100 100 100 100 100 100 100 100 100 100 100 100 100 100 100 100 100 100 100 100 100 100 100 100 100 100 100 100   3 100 100 100 100 100 100 100 100 100 100 100 100 100 100 100 100 100 100 100 100 100 100 100 100 100 100 100 100 100 100 100 100 100 100 100 100 100 100 100 100 100 100 
